2243806985,2875888031 0 http://www.zhongyuanquanye.com/admin/eWebEditor/UploadFile/2013131114157258.jpg
121027638,3669435231 1 http://ximg.tuxi.com.cn/i-3yxdownimgages/2015/10/10/d4c95e64-5cc2-4f8e-959e-f2ebe7bea033.jpg
2616675632,2485976470 2 http://img.boqiicdn.com/Data/BK/A/1404/9/img35991397032744_y.jpg
3026906754,338272612 36 http://www.cndog.net/dog_photo_big/2011-10/21/21151755-6432.jpg
1235968223,1740754013 101 http://twpet.qiniudn.com/pettw-2014-07-01-b79949aa7a2402d3a37bf1b2df7c7e3d
3350318603,2054016683 133 http://www.goumin.com/attachments/head/0/0/10/2622/671278.jpg
2438768034,1265563494 82 http://www.ichong123.com/files/2016/11/13/120/d1160924ab18972b9f07a04de6cd7b899e510a73.jpg
418922174,2828075711 126 http://img.mp.itc.cn/upload/20160826/a26a09f0df0649e682fa4435e6eb81a5_th.jpg
1705189759,977829761 5 http://imgsrc.baidu.com/forum/w%3D580/sign=89cb2364f21f3a295ac8d5c6a924bce3/a786c9177f3e6709cca2c74539c79f3df9dc55ed.jpg
1460996194,198758391 83 http://img1.dog126.com/data/files/store_26448/goods_2/small_201702081036426480.jpg
